631 3 399900
480 3 329900
720 3 369000
425 2 232000
900 4 539900
596 4 299900
460 3 314900
428 3 198999
414 3 212000
448 3 242500
582 4 239999
600 3 347000
567 3 329999
1343 5 699900
380 3 259900
690 4 449900
396 2 299900
371 3 199900
783 4 499998
909 4 599000
530 3 252900
566 2 255000
481 3 242900
589 4 259900
1167 3 573900
330 3 249900
437 3 464500
758 3 469000
660 3 475000
791 3 299900
552 2 349900
300 1 169900
612 4 314900
941 3 579900
543 4 285900
431 3 249900
372 3 229900
640 4 345000
1265 4 549000
649 4 287000
499 2 368500
671 3 329900
770 4 314000
360 3 299000
256 2 179900
556 4 299900
361 3 239500
